(298,302)
(298,722)
(298,623)
(298,816)
(298,204)
(298,348)
(298,622)
(298,446)
(298,585)
(298,496)
(298,475)
(298,145)
(298,591)
(298,801)
(298,707)
(298,105)
(298,111)
(298,506)
(298,306)
(298,279)
(298,427)
(298,31)
(298,366)
(298,437)
(298,831)
(298,889)
(298,968)
(298,772)
(298,614)
(298,500)
(298,141)
(298,910)
(298,581)
(298,222)
(298,123)
(298,57)
(298,202)
(298,532)
(298,667)
(298,722)
(298,79)
(298,925)
(298,464)
(298,124)
(298,234)
(298,243)
(298,539)
(298,705)
(298,223)
(298,553)
(298,319)
(298,939)
(298,262)
(298,346)
(298,226)
(298,887)
(298,3)
(298,599)
(298,848)
(298,341)
(298,323)
(298,645)
(298,666)
(298,987)
(298,461)
(298,502)
(298,625)
(298,584)
(298,572)
(298,701)
(298,71)
(298,936)
(298,122)
(298,190)
(298,240)
(298,558)
(298,833)
(298,606)
(298,443)
(298,615)
(298,460)
(298,921)
(298,284)
(298,368)
(298,80)
(298,613)
(298,511)
(298,654)
(298,107)
(298,492)
(298,790)
(298,841)
(298,829)
(298,127)
(298,194)
(298,634)
(298,404)
(298,684)
(298,74)
(302,722)
(302,623)
(302,816)
(302,204)
(302,348)
(302,622)
(302,446)
(302,585)
(302,496)
(302,475)
(302,145)
(302,591)
(302,801)
(302,707)
(302,105)
(302,111)
(302,506)
(302,306)
(302,279)
(302,427)
(302,31)
(302,366)
(302,437)
(302,831)
(302,889)
(302,968)
(302,772)
(302,614)
(302,500)
(302,141)
(302,910)
(302,581)
(302,222)
(302,123)
(302,57)
(302,202)
(302,532)
(302,667)
(302,722)
(302,79)
(302,925)
(302,464)
(302,124)
(302,234)
(302,243)
(302,539)
(302,705)
(302,223)
(302,553)
(302,319)
(302,939)
(302,262)
(302,346)
(302,226)
(302,887)
(302,3)
(302,599)
(302,848)
(302,341)
(302,323)
(302,645)
(302,666)
(302,987)
(302,461)
(302,502)
(302,625)
(302,584)
(302,572)
(302,701)
(302,71)
(302,936)
(302,122)
(302,190)
(302,240)
(302,558)
(302,833)
(302,606)
(302,443)
(302,615)
(302,460)
(302,921)
(302,284)
(302,368)
(302,80)
(302,613)
(302,511)
(302,654)
(302,107)
(302,492)
(302,790)
(302,841)
(302,829)
(302,127)
(302,194)
(302,634)
(302,404)
(302,684)
(302,74)
(722,623)
(722,816)
(722,204)
(722,348)
(722,622)
(722,446)
(722,585)
(722,496)
(722,475)
(722,145)
(722,591)
(722,801)
(722,707)
(722,105)
(722,111)
(722,506)
(722,306)
(722,279)
(722,427)
(722,31)
(722,366)
(722,437)
(722,831)
(722,889)
(722,968)
(722,772)
(722,614)
(722,500)
(722,141)
(722,910)
(722,581)
(722,222)
(722,123)
(722,57)
(722,202)
(722,532)
(722,667)
(722,722)
(722,79)
(722,925)
(722,464)
(722,124)
(722,234)
(722,243)
(722,539)
(722,705)
(722,223)
(722,553)
(722,319)
(722,939)
(722,262)
(722,346)
(722,226)
(722,887)
(722,3)
(722,599)
(722,848)
(722,341)
(722,323)
(722,645)
(722,666)
(722,987)
(722,461)
(722,502)
(722,625)
(722,584)
(722,572)
(722,701)
(722,71)
(722,936)
(722,122)
(722,190)
(722,240)
(722,558)
(722,833)
(722,606)
(722,443)
(722,615)
(722,460)
(722,921)
(722,284)
(722,368)
(722,80)
(722,613)
(722,511)
(722,654)
(722,107)
(722,492)
(722,790)
(722,841)
(722,829)
(722,127)
(722,194)
(722,634)
(722,404)
(722,684)
(722,74)
(623,816)
(623,204)
(623,348)
(623,622)
(623,446)
(623,585)
(623,496)
(623,475)
(623,145)
(623,591)
(623,801)
(623,707)
(623,105)
(623,111)
(623,506)
(623,306)
(623,279)
(623,427)
(623,31)
(623,366)
(623,437)
(623,831)
(623,889)
(623,968)
(623,772)
(623,614)
(623,500)
(623,141)
(623,910)
(623,581)
(623,222)
(623,123)
(623,57)
(623,202)
(623,532)
(623,667)
(623,722)
(623,79)
(623,925)
(623,464)
(623,124)
(623,234)
(623,243)
(623,539)
(623,705)
(623,223)
(623,553)
(623,319)
(623,939)
(623,262)
(623,346)
(623,226)
(623,887)
(623,3)
(623,599)
(623,848)
(623,341)
(623,323)
(623,645)
(623,666)
(623,987)
(623,461)
(623,502)
(623,625)
(623,584)
(623,572)
(623,701)
(623,71)
(623,936)
(623,122)
(623,190)
(623,240)
(623,558)
(623,833)
(623,606)
(623,443)
(623,615)
(623,460)
(623,921)
(623,284)
(623,368)
(623,80)
(623,613)
(623,511)
(623,654)
(623,107)
(623,492)
(623,790)
(623,841)
(623,829)
(623,127)
(623,194)
(623,634)
(623,404)
(623,684)
(623,74)
(816,204)
(816,348)
(816,622)
(816,446)
(816,585)
(816,496)
(816,475)
(816,145)
(816,591)
(816,801)
(816,707)
(816,105)
(816,111)
(816,506)
(816,306)
(816,279)
(816,427)
(816,31)
(816,366)
(816,437)
(816,831)
(816,889)
(816,968)
(816,772)
(816,614)
(816,500)
(816,141)
(816,910)
(816,581)
(816,222)
(816,123)
(816,57)
(816,202)
(816,532)
(816,667)
(816,722)
(816,79)
(816,925)
(816,464)
(816,124)
(816,234)
(816,243)
(816,539)
(816,705)
(816,223)
(816,553)
(816,319)
(816,939)
(816,262)
(816,346)
(816,226)
(816,887)
(816,3)
(816,599)
(816,848)
(816,341)
(816,323)
(816,645)
(816,666)
(816,987)
(816,461)
(816,502)
(816,625)
(816,584)
(816,572)
(816,701)
(816,71)
(816,936)
(816,122)
(816,190)
(816,240)
(816,558)
(816,833)
(816,606)
(816,443)
(816,615)
(816,460)
(816,921)
(816,284)
(816,368)
(816,80)
(816,613)
(816,511)
(816,654)
(816,107)
(816,492)
(816,790)
(816,841)
(816,829)
(816,127)
(816,194)
(816,634)
(816,404)
(816,684)
(816,74)
(204,348)
(204,622)
(204,446)
(204,585)
(204,496)
(204,475)
(204,145)
(204,591)
(204,801)
(204,707)
(204,105)
(204,111)
(204,506)
(204,306)
(204,279)
(204,427)
(204,31)
(204,366)
(204,437)
(204,831)
(204,889)
(204,968)
(204,772)
(204,614)
(204,500)
(204,141)
(204,910)
(204,581)
(204,222)
(204,123)
(204,57)
(204,202)
(204,532)
(204,667)
(204,722)
(204,79)
(204,925)
(204,464)
(204,124)
(204,234)
(204,243)
(204,539)
(204,705)
(204,223)
(204,553)
(204,319)
(204,939)
(204,262)
(204,346)
(204,226)
(204,887)
(204,3)
(204,599)
(204,848)
(204,341)
(204,323)
(204,645)
(204,666)
(204,987)
(204,461)
(204,502)
(204,625)
(204,584)
(204,572)
(204,701)
(204,71)
(204,936)
(204,122)
(204,190)
(204,240)
(204,558)
(204,833)
(204,606)
(204,443)
(204,615)
(204,460)
(204,921)
(204,284)
(204,368)
(204,80)
(204,613)
(204,511)
(204,654)
(204,107)
(204,492)
(204,790)
(204,841)
(204,829)
(204,127)
(204,194)
(204,634)
(204,404)
(204,684)
(204,74)
(348,622)
(348,446)
(348,585)
(348,496)
(348,475)
(348,145)
(348,591)
(348,801)
(348,707)
(348,105)
(348,111)
(348,506)
(348,306)
(348,279)
(348,427)
(348,31)
(348,366)
(348,437)
(348,831)
(348,889)
(348,968)
(348,772)
(348,614)
(348,500)
(348,141)
(348,910)
(348,581)
(348,222)
(348,123)
(348,57)
(348,202)
(348,532)
(348,667)
(348,722)
(348,79)
(348,925)
(348,464)
(348,124)
(348,234)
(348,243)
(348,539)
(348,705)
(348,223)
(348,553)
(348,319)
(348,939)
(348,262)
(348,346)
(348,226)
(348,887)
(348,3)
(348,599)
(348,848)
(348,341)
(348,323)
(348,645)
(348,666)
(348,987)
(348,461)
(348,502)
(348,625)
(348,584)
(348,572)
(348,701)
(348,71)
(348,936)
(348,122)
(348,190)
(348,240)
(348,558)
(348,833)
(348,606)
(348,443)
(348,615)
(348,460)
(348,921)
(348,284)
(348,368)
(348,80)
(348,613)
(348,511)
(348,654)
(348,107)
(348,492)
(348,790)
(348,841)
(348,829)
(348,127)
(348,194)
(348,634)
(348,404)
(348,684)
(348,74)
(622,446)
(622,585)
(622,496)
(622,475)
(622,145)
(622,591)
(622,801)
(622,707)
(622,105)
(622,111)
(622,506)
(622,306)
(622,279)
(622,427)
(622,31)
(622,366)
(622,437)
(622,831)
(622,889)
(622,968)
(622,772)
(622,614)
(622,500)
(622,141)
(622,910)
(622,581)
(622,222)
(622,123)
(622,57)
(622,202)
(622,532)
(622,667)
(622,722)
(622,79)
(622,925)
(622,464)
(622,124)
(622,234)
(622,243)
(622,539)
(622,705)
(622,223)
(622,553)
(622,319)
(622,939)
(622,262)
(622,346)
(622,226)
(622,887)
(622,3)
(622,599)
(622,848)
(622,341)
(622,323)
(622,645)
(622,666)
(622,987)
(622,461)
(622,502)
(622,625)
(622,584)
(622,572)
(622,701)
(622,71)
(622,936)
(622,122)
(622,190)
(622,240)
(622,558)
(622,833)
(622,606)
(622,443)
(622,615)
(622,460)
(622,921)
(622,284)
(622,368)
(622,80)
(622,613)
(622,511)
(622,654)
(622,107)
(622,492)
(622,790)
(622,841)
(622,829)
(622,127)
(622,194)
(622,634)
(622,404)
(622,684)
(622,74)
(446,585)
(446,496)
(446,475)
(446,145)
(446,591)
(446,801)
(446,707)
(446,105)
(446,111)
(446,506)
(446,306)
(446,279)
(446,427)
(446,31)
(446,366)
(446,437)
(446,831)
(446,889)
(446,968)
(446,772)
(446,614)
(446,500)
(446,141)
(446,910)
(446,581)
(446,222)
(446,123)
(446,57)
(446,202)
(446,532)
(446,667)
(446,722)
(446,79)
(446,925)
(446,464)
(446,124)
(446,234)
(446,243)
(446,539)
(446,705)
(446,223)
(446,553)
(446,319)
(446,939)
(446,262)
(446,346)
(446,226)
(446,887)
(446,3)
(446,599)
(446,848)
(446,341)
(446,323)
(446,645)
(446,666)
(446,987)
(446,461)
(446,502)
(446,625)
(446,584)
(446,572)
(446,701)
(446,71)
(446,936)
(446,122)
(446,190)
(446,240)
(446,558)
(446,833)
(446,606)
(446,443)
(446,615)
(446,460)
(446,921)
(446,284)
(446,368)
(446,80)
(446,613)
(446,511)
(446,654)
(446,107)
(446,492)
(446,790)
(446,841)
(446,829)
(446,127)
(446,194)
(446,634)
(446,404)
(446,684)
(446,74)
(585,496)
(585,475)
(585,145)
(585,591)
(585,801)
(585,707)
(585,105)
(585,111)
(585,506)
(585,306)
(585,279)
(585,427)
(585,31)
(585,366)
(585,437)
(585,831)
(585,889)
(585,968)
(585,772)
(585,614)
(585,500)
(585,141)
(585,910)
(585,581)
(585,222)
(585,123)
(585,57)
(585,202)
(585,532)
(585,667)
(585,722)
(585,79)
(585,925)
(585,464)
(585,124)
(585,234)
(585,243)
(585,539)
(585,705)
(585,223)
(585,553)
(585,319)
(585,939)
(585,262)
(585,346)
(585,226)
(585,887)
(585,3)
(585,599)
(585,848)
(585,341)
(585,323)
(585,645)
(585,666)
(585,987)
(585,461)
(585,502)
(585,625)
(585,584)
(585,572)
(585,701)
(585,71)
(585,936)
(585,122)
(585,190)
(585,240)
(585,558)
(585,833)
(585,606)
(585,443)
(585,615)
(585,460)
(585,921)
(585,284)
(585,368)
(585,80)
(585,613)
(585,511)
(585,654)
(585,107)
(585,492)
(585,790)
(585,841)
(585,829)
(585,127)
(585,194)
(585,634)
(585,404)
(585,684)
(585,74)
(496,475)
(496,145)
(496,591)
(496,801)
(496,707)
(496,105)
(496,111)
(496,506)
(496,306)
(496,279)
(496,427)
(496,31)
(496,366)
(496,437)
(496,831)
(496,889)
(496,968)
(496,772)
(496,614)
(496,500)
(496,141)
(496,910)
(496,581)
(496,222)
(496,123)
(496,57)
(496,202)
(496,532)
(496,667)
(496,722)
(496,79)
(496,925)
(496,464)
(496,124)
(496,234)
(496,243)
(496,539)
(496,705)
(496,223)
(496,553)
(496,319)
(496,939)
(496,262)
(496,346)
(496,226)
(496,887)
(496,3)
(496,599)
(496,848)
(496,341)
(496,323)
(496,645)
(496,666)
(496,987)
(496,461)
(496,502)
(496,625)
(496,584)
(496,572)
(496,701)
(496,71)
(496,936)
(496,122)
(496,190)
(496,240)
(496,558)
(496,833)
(496,606)
(496,443)
(496,615)
(496,460)
(496,921)
(496,284)
(496,368)
(496,80)
(496,613)
(496,511)
(496,654)
(496,107)
(496,492)
(496,790)
(496,841)
(496,829)
(496,127)
(496,194)
(496,634)
(496,404)
(496,684)
(496,74)
(475,145)
(475,591)
(475,801)
(475,707)
(475,105)
(475,111)
(475,506)
(475,306)
(475,279)
(475,427)
(475,31)
(475,366)
(475,437)
(475,831)
(475,889)
(475,968)
(475,772)
(475,614)
(475,500)
(475,141)
(475,910)
(475,581)
(475,222)
(475,123)
(475,57)
(475,202)
(475,532)
(475,667)
(475,722)
(475,79)
(475,925)
(475,464)
(475,124)
(475,234)
(475,243)
(475,539)
(475,705)
(475,223)
(475,553)
(475,319)
(475,939)
(475,262)
(475,346)
(475,226)
(475,887)
(475,3)
(475,599)
(475,848)
(475,341)
(475,323)
(475,645)
(475,666)
(475,987)
(475,461)
(475,502)
(475,625)
(475,584)
(475,572)
(475,701)
(475,71)
(475,936)
(475,122)
(475,190)
(475,240)
(475,558)
(475,833)
(475,606)
(475,443)
(475,615)
(475,460)
(475,921)
(475,284)
(475,368)
(475,80)
(475,613)
(475,511)
(475,654)
(475,107)
(475,492)
(475,790)
(475,841)
(475,829)
(475,127)
(475,194)
(475,634)
(475,404)
(475,684)
(475,74)
(145,591)
(145,801)
(145,707)
(145,105)
(145,111)
(145,506)
(145,306)
(145,279)
(145,427)
(145,31)
(145,366)
(145,437)
(145,831)
(145,889)
(145,968)
(145,772)
(145,614)
(145,500)
(145,141)
(145,910)
(145,581)
(145,222)
(145,123)
(145,57)
(145,202)
(145,532)
(145,667)
(145,722)
(145,79)
(145,925)
(145,464)
(145,124)
(145,234)
(145,243)
(145,539)
(145,705)
(145,223)
(145,553)
(145,319)
(145,939)
(145,262)
(145,346)
(145,226)
(145,887)
(145,3)
(145,599)
(145,848)
(145,341)
(145,323)
(145,645)
(145,666)
(145,987)
(145,461)
(145,502)
(145,625)
(145,584)
(145,572)
(145,701)
(145,71)
(145,936)
(145,122)
(145,190)
(145,240)
(145,558)
(145,833)
(145,606)
(145,443)
(145,615)
(145,460)
(145,921)
(145,284)
(145,368)
(145,80)
(145,613)
(145,511)
(145,654)
(145,107)
(145,492)
(145,790)
(145,841)
(145,829)
(145,127)
(145,194)
(145,634)
(145,404)
(145,684)
(145,74)
(591,801)
(591,707)
(591,105)
(591,111)
(591,506)
(591,306)
(591,279)
(591,427)
(591,31)
(591,366)
(591,437)
(591,831)
(591,889)
(591,968)
(591,772)
(591,614)
(591,500)
(591,141)
(591,910)
(591,581)
(591,222)
(591,123)
(591,57)
(591,202)
(591,532)
(591,667)
(591,722)
(591,79)
(591,925)
(591,464)
(591,124)
(591,234)
(591,243)
(591,539)
(591,705)
(591,223)
(591,553)
(591,319)
(591,939)
(591,262)
(591,346)
(591,226)
(591,887)
(591,3)
(591,599)
(591,848)
(591,341)
(591,323)
(591,645)
(591,666)
(591,987)
(591,461)
(591,502)
(591,625)
(591,584)
(591,572)
(591,701)
(591,71)
(591,936)
(591,122)
(591,190)
(591,240)
(591,558)
(591,833)
(591,606)
(591,443)
(591,615)
(591,460)
(591,921)
(591,284)
(591,368)
(591,80)
(591,613)
(591,511)
(591,654)
(591,107)
(591,492)
(591,790)
(591,841)
(591,829)
(591,127)
(591,194)
(591,634)
(591,404)
(591,684)
(591,74)
(801,707)
(801,105)
(801,111)
(801,506)
(801,306)
(801,279)
(801,427)
(801,31)
(801,366)
(801,437)
(801,831)
(801,889)
(801,968)
(801,772)
(801,614)
(801,500)
(801,141)
(801,910)
(801,581)
(801,222)
(801,123)
(801,57)
(801,202)
(801,532)
(801,667)
(801,722)
(801,79)
(801,925)
(801,464)
(801,124)
(801,234)
(801,243)
(801,539)
(801,705)
(801,223)
(801,553)
(801,319)
(801,939)
(801,262)
(801,346)
(801,226)
(801,887)
(801,3)
(801,599)
(801,848)
(801,341)
(801,323)
(801,645)
(801,666)
(801,987)
(801,461)
(801,502)
(801,625)
(801,584)
(801,572)
(801,701)
(801,71)
(801,936)
(801,122)
(801,190)
(801,240)
(801,558)
(801,833)
(801,606)
(801,443)
(801,615)
(801,460)
(801,921)
(801,284)
(801,368)
(801,80)
(801,613)
(801,511)
(801,654)
(801,107)
(801,492)
(801,790)
(801,841)
(801,829)
(801,127)
(801,194)
(801,634)
(801,404)
(801,684)
(801,74)
(707,105)
(707,111)
(707,506)
(707,306)
(707,279)
(707,427)
(707,31)
(707,366)
(707,437)
(707,831)
(707,889)
(707,968)
(707,772)
(707,614)
(707,500)
(707,141)
(707,910)
(707,581)
(707,222)
(707,123)
(707,57)
(707,202)
(707,532)
(707,667)
(707,722)
(707,79)
(707,925)
(707,464)
(707,124)
(707,234)
(707,243)
(707,539)
(707,705)
(707,223)
(707,553)
(707,319)
(707,939)
(707,262)
(707,346)
(707,226)
(707,887)
(707,3)
(707,599)
(707,848)
(707,341)
(707,323)
(707,645)
(707,666)
(707,987)
(707,461)
(707,502)
(707,625)
(707,584)
(707,572)
(707,701)
(707,71)
(707,936)
(707,122)
(707,190)
(707,240)
(707,558)
(707,833)
(707,606)
(707,443)
(707,615)
(707,460)
(707,921)
(707,284)
(707,368)
(707,80)
(707,613)
(707,511)
(707,654)
(707,107)
(707,492)
(707,790)
(707,841)
(707,829)
(707,127)
(707,194)
(707,634)
(707,404)
(707,684)
(707,74)
(105,111)
(105,506)
(105,306)
(105,279)
(105,427)
(105,31)
(105,366)
(105,437)
(105,831)
(105,889)
(105,968)
(105,772)
(105,614)
(105,500)
(105,141)
(105,910)
(105,581)
(105,222)
(105,123)
(105,57)
(105,202)
(105,532)
(105,667)
(105,722)
(105,79)
(105,925)
(105,464)
(105,124)
(105,234)
(105,243)
(105,539)
(105,705)
(105,223)
(105,553)
(105,319)
(105,939)
(105,262)
(105,346)
(105,226)
(105,887)
(105,3)
(105,599)
(105,848)
(105,341)
(105,323)
(105,645)
(105,666)
(105,987)
(105,461)
(105,502)
(105,625)
(105,584)
(105,572)
(105,701)
(105,71)
(105,936)
(105,122)
(105,190)
(105,240)
(105,558)
(105,833)
(105,606)
(105,443)
(105,615)
(105,460)
(105,921)
(105,284)
(105,368)
(105,80)
(105,613)
(105,511)
(105,654)
(105,107)
(105,492)
(105,790)
(105,841)
(105,829)
(105,127)
(105,194)
(105,634)
(105,404)
(105,684)
(105,74)
(111,506)
(111,306)
(111,279)
(111,427)
(111,31)
(111,366)
(111,437)
(111,831)
(111,889)
(111,968)
(111,772)
(111,614)
(111,500)
(111,141)
(111,910)
(111,581)
(111,222)
(111,123)
(111,57)
(111,202)
(111,532)
(111,667)
(111,722)
(111,79)
(111,925)
(111,464)
(111,124)
(111,234)
(111,243)
(111,539)
(111,705)
(111,223)
(111,553)
(111,319)
(111,939)
(111,262)
(111,346)
(111,226)
(111,887)
(111,3)
(111,599)
(111,848)
(111,341)
(111,323)
(111,645)
(111,666)
(111,987)
(111,461)
(111,502)
(111,625)
(111,584)
(111,572)
(111,701)
(111,71)
(111,936)
(111,122)
(111,190)
(111,240)
(111,558)
(111,833)
(111,606)
(111,443)
(111,615)
(111,460)
(111,921)
(111,284)
(111,368)
(111,80)
(111,613)
(111,511)
(111,654)
(111,107)
(111,492)
(111,790)
(111,841)
(111,829)
(111,127)
(111,194)
(111,634)
(111,404)
(111,684)
(111,74)
(506,306)
(506,279)
(506,427)
(506,31)
(506,366)
(506,437)
(506,831)
(506,889)
(506,968)
(506,772)
(506,614)
(506,500)
(506,141)
(506,910)
(506,581)
(506,222)
(506,123)
(506,57)
(506,202)
(506,532)
(506,667)
(506,722)
(506,79)
(506,925)
(506,464)
(506,124)
(506,234)
(506,243)
(506,539)
(506,705)
(506,223)
(506,553)
(506,319)
(506,939)
(506,262)
(506,346)
(506,226)
(506,887)
(506,3)
(506,599)
(506,848)
(506,341)
(506,323)
(506,645)
(506,666)
(506,987)
(506,461)
(506,502)
(506,625)
(506,584)
(506,572)
(506,701)
(506,71)
(506,936)
(506,122)
(506,190)
(506,240)
(506,558)
(506,833)
(506,606)
(506,443)
(506,615)
(506,460)
(506,921)
(506,284)
(506,368)
(506,80)
(506,613)
(506,511)
(506,654)
(506,107)
(506,492)
(506,790)
(506,841)
(506,829)
(506,127)
(506,194)
(506,634)
(506,404)
(506,684)
(506,74)
(306,279)
(306,427)
(306,31)
(306,366)
(306,437)
(306,831)
(306,889)
(306,968)
(306,772)
(306,614)
(306,500)
(306,141)
(306,910)
(306,581)
(306,222)
(306,123)
(306,57)
(306,202)
(306,532)
(306,667)
(306,722)
(306,79)
(306,925)
(306,464)
(306,124)
(306,234)
(306,243)
(306,539)
(306,705)
(306,223)
(306,553)
(306,319)
(306,939)
(306,262)
(306,346)
(306,226)
(306,887)
(306,3)
(306,599)
(306,848)
(306,341)
(306,323)
(306,645)
(306,666)
(306,987)
(306,461)
(306,502)
(306,625)
(306,584)
(306,572)
(306,701)
(306,71)
(306,936)
(306,122)
(306,190)
(306,240)
(306,558)
(306,833)
(306,606)
(306,443)
(306,615)
(306,460)
(306,921)
(306,284)
(306,368)
(306,80)
(306,613)
(306,511)
(306,654)
(306,107)
(306,492)
(306,790)
(306,841)
(306,829)
(306,127)
(306,194)
(306,634)
(306,404)
(306,684)
(306,74)
(279,427)
(279,31)
(279,366)
(279,437)
(279,831)
(279,889)
(279,968)
(279,772)
(279,614)
(279,500)
(279,141)
(279,910)
(279,581)
(279,222)
(279,123)
(279,57)
(279,202)
(279,532)
(279,667)
(279,722)
(279,79)
(279,925)
(279,464)
(279,124)
(279,234)
(279,243)
(279,539)
(279,705)
(279,223)
(279,553)
(279,319)
(279,939)
(279,262)
(279,346)
(279,226)
(279,887)
(279,3)
(279,599)
(279,848)
(279,341)
(279,323)
(279,645)
(279,666)
(279,987)
(279,461)
(279,502)
(279,625)
(279,584)
(279,572)
(279,701)
(279,71)
(279,936)
(279,122)
(279,190)
(279,240)
(279,558)
(279,833)
(279,606)
(279,443)
(279,615)
(279,460)
(279,921)
(279,284)
(279,368)
(279,80)
(279,613)
(279,511)
(279,654)
(279,107)
(279,492)
(279,790)
(279,841)
(279,829)
(279,127)
(279,194)
(279,634)
(279,404)
(279,684)
(279,74)
(427,31)
(427,366)
(427,437)
(427,831)
(427,889)
(427,968)
(427,772)
(427,614)
(427,500)
(427,141)
(427,910)
(427,581)
(427,222)
(427,123)
(427,57)
(427,202)
(427,532)
(427,667)
(427,722)
(427,79)
(427,925)
(427,464)
(427,124)
(427,234)
(427,243)
(427,539)
(427,705)
(427,223)
(427,553)
(427,319)
(427,939)
(427,262)
(427,346)
(427,226)
(427,887)
(427,3)
(427,599)
(427,848)
(427,341)
(427,323)
(427,645)
(427,666)
(427,987)
(427,461)
(427,502)
(427,625)
(427,584)
(427,572)
(427,701)
(427,71)
(427,936)
(427,122)
(427,190)
(427,240)
(427,558)
(427,833)
(427,606)
(427,443)
(427,615)
(427,460)
(427,921)
(427,284)
(427,368)
(427,80)
(427,613)
(427,511)
(427,654)
(427,107)
(427,492)
(427,790)
(427,841)
(427,829)
(427,127)
(427,194)
(427,634)
(427,404)
(427,684)
(427,74)
(31,366)
(31,437)
(31,831)
(31,889)
(31,968)
(31,772)
(31,614)
(31,500)
(31,141)
(31,910)
(31,581)
(31,222)
(31,123)
(31,57)
(31,202)
(31,532)
(31,667)
(31,722)
(31,79)
(31,925)
(31,464)
(31,124)
(31,234)
(31,243)
(31,539)
(31,705)
(31,223)
(31,553)
(31,319)
(31,939)
(31,262)
(31,346)
(31,226)
(31,887)
(31,3)
(31,599)
(31,848)
(31,341)
(31,323)
(31,645)
(31,666)
(31,987)
(31,461)
(31,502)
(31,625)
(31,584)
(31,572)
(31,701)
(31,71)
(31,936)
(31,122)
(31,190)
(31,240)
(31,558)
(31,833)
(31,606)
(31,443)
(31,615)
(31,460)
(31,921)
(31,284)
(31,368)
(31,80)
(31,613)
(31,511)
(31,654)
(31,107)
(31,492)
(31,790)
(31,841)
(31,829)
(31,127)
(31,194)
(31,634)
(31,404)
(31,684)
(31,74)
(366,437)
(366,831)
(366,889)
(366,968)
(366,772)
(366,614)
(366,500)
(366,141)
(366,910)
(366,581)
(366,222)
(366,123)
(366,57)
(366,202)
(366,532)
(366,667)
(366,722)
(366,79)
(366,925)
(366,464)
(366,124)
(366,234)
(366,243)
(366,539)
(366,705)
(366,223)
(366,553)
(366,319)
(366,939)
(366,262)
(366,346)
(366,226)
(366,887)
(366,3)
(366,599)
(366,848)
(366,341)
(366,323)
(366,645)
(366,666)
(366,987)
(366,461)
(366,502)
(366,625)
(366,584)
(366,572)
(366,701)
(366,71)
(366,936)
(366,122)
(366,190)
(366,240)
(366,558)
(366,833)
(366,606)
(366,443)
(366,615)
(366,460)
(366,921)
(366,284)
(366,368)
(366,80)
(366,613)
(366,511)
(366,654)
(366,107)
(366,492)
(366,790)
(366,841)
(366,829)
(366,127)
(366,194)
(366,634)
(366,404)
(366,684)
(366,74)
(437,831)
(437,889)
(437,968)
(437,772)
(437,614)
(437,500)
(437,141)
(437,910)
(437,581)
(437,222)
(437,123)
(437,57)
(437,202)
(437,532)
(437,667)
(437,722)
(437,79)
(437,925)
(437,464)
(437,124)
(437,234)
(437,243)
(437,539)
(437,705)
(437,223)
(437,553)
(437,319)
(437,939)
(437,262)
(437,346)
(437,226)
(437,887)
(437,3)
(437,599)
(437,848)
(437,341)
(437,323)
(437,645)
(437,666)
(437,987)
(437,461)
(437,502)
(437,625)
(437,584)
(437,572)
(437,701)
(437,71)
(437,936)
(437,122)
(437,190)
(437,240)
(437,558)
(437,833)
(437,606)
(437,443)
(437,615)
(437,460)
(437,921)
(437,284)
(437,368)
(437,80)
(437,613)
(437,511)
(437,654)
(437,107)
(437,492)
(437,790)
(437,841)
(437,829)
(437,127)
(437,194)
(437,634)
(437,404)
(437,684)
(437,74)
(831,889)
(831,968)
(831,772)
(831,614)
(831,500)
(831,141)
(831,910)
(831,581)
(831,222)
(831,123)
(831,57)
(831,202)
(831,532)
(831,667)
(831,722)
(831,79)
(831,925)
(831,464)
(831,124)
(831,234)
(831,243)
(831,539)
(831,705)
(831,223)
(831,553)
(831,319)
(831,939)
(831,262)
(831,346)
(831,226)
(831,887)
(831,3)
(831,599)
(831,848)
(831,341)
(831,323)
(831,645)
(831,666)
(831,987)
(831,461)
(831,502)
(831,625)
(831,584)
(831,572)
(831,701)
(831,71)
(831,936)
(831,122)
(831,190)
(831,240)
(831,558)
(831,833)
(831,606)
(831,443)
(831,615)
(831,460)
(831,921)
(831,284)
(831,368)
(831,80)
(831,613)
(831,511)
(831,654)
(831,107)
(831,492)
(831,790)
(831,841)
(831,829)
(831,127)
(831,194)
(831,634)
(831,404)
(831,684)
(831,74)
(889,968)
(889,772)
(889,614)
(889,500)
(889,141)
(889,910)
(889,581)
(889,222)
(889,123)
(889,57)
(889,202)
(889,532)
(889,667)
(889,722)
(889,79)
(889,925)
(889,464)
(889,124)
(889,234)
(889,243)
(889,539)
(889,705)
(889,223)
(889,553)
(889,319)
(889,939)
(889,262)
(889,346)
(889,226)
(889,887)
(889,3)
(889,599)
(889,848)
(889,341)
(889,323)
(889,645)
(889,666)
(889,987)
(889,461)
(889,502)
(889,625)
(889,584)
(889,572)
(889,701)
(889,71)
(889,936)
(889,122)
(889,190)
(889,240)
(889,558)
(889,833)
(889,606)
(889,443)
(889,615)
(889,460)
(889,921)
(889,284)
(889,368)
(889,80)
(889,613)
(889,511)
(889,654)
(889,107)
(889,492)
(889,790)
(889,841)
(889,829)
(889,127)
(889,194)
(889,634)
(889,404)
(889,684)
(889,74)
(968,772)
(968,614)
(968,500)
(968,141)
(968,910)
(968,581)
(968,222)
(968,123)
(968,57)
(968,202)
(968,532)
(968,667)
(968,722)
(968,79)
(968,925)
(968,464)
(968,124)
(968,234)
(968,243)
(968,539)
(968,705)
(968,223)
(968,553)
(968,319)
(968,939)
(968,262)
(968,346)
(968,226)
(968,887)
(968,3)
(968,599)
(968,848)
(968,341)
(968,323)
(968,645)
(968,666)
(968,987)
(968,461)
(968,502)
(968,625)
(968,584)
(968,572)
(968,701)
(968,71)
(968,936)
(968,122)
(968,190)
(968,240)
(968,558)
(968,833)
(968,606)
(968,443)
(968,615)
(968,460)
(968,921)
(968,284)
(968,368)
(968,80)
(968,613)
(968,511)
(968,654)
(968,107)
(968,492)
(968,790)
(968,841)
(968,829)
(968,127)
(968,194)
(968,634)
(968,404)
(968,684)
(968,74)
(772,614)
(772,500)
(772,141)
(772,910)
(772,581)
(772,222)
(772,123)
(772,57)
(772,202)
(772,532)
(772,667)
(772,722)
(772,79)
(772,925)
(772,464)
(772,124)
(772,234)
(772,243)
(772,539)
(772,705)
(772,223)
(772,553)
(772,319)
(772,939)
(772,262)
(772,346)
(772,226)
(772,887)
(772,3)
(772,599)
(772,848)
(772,341)
(772,323)
(772,645)
(772,666)
(772,987)
(772,461)
(772,502)
(772,625)
(772,584)
(772,572)
(772,701)
(772,71)
(772,936)
(772,122)
(772,190)
(772,240)
(772,558)
(772,833)
(772,606)
(772,443)
(772,615)
(772,460)
(772,921)
(772,284)
(772,368)
(772,80)
(772,613)
(772,511)
(772,654)
(772,107)
(772,492)
(772,790)
(772,841)
(772,829)
(772,127)
(772,194)
(772,634)
(772,404)
(772,684)
(772,74)
(614,500)
(614,141)
(614,910)
(614,581)
(614,222)
(614,123)
(614,57)
(614,202)
(614,532)
(614,667)
(614,722)
(614,79)
(614,925)
(614,464)
(614,124)
(614,234)
(614,243)
(614,539)
(614,705)
(614,223)
(614,553)
(614,319)
(614,939)
(614,262)
(614,346)
(614,226)
(614,887)
(614,3)
(614,599)
(614,848)
(614,341)
(614,323)
(614,645)
(614,666)
(614,987)
(614,461)
(614,502)
(614,625)
(614,584)
(614,572)
(614,701)
(614,71)
(614,936)
(614,122)
(614,190)
(614,240)
(614,558)
(614,833)
(614,606)
(614,443)
(614,615)
(614,460)
(614,921)
(614,284)
(614,368)
(614,80)
(614,613)
(614,511)
(614,654)
(614,107)
(614,492)
(614,790)
(614,841)
(614,829)
(614,127)
(614,194)
(614,634)
(614,404)
(614,684)
(614,74)
(500,141)
(500,910)
(500,581)
(500,222)
(500,123)
(500,57)
(500,202)
(500,532)
(500,667)
(500,722)
(500,79)
(500,925)
(500,464)
(500,124)
(500,234)
(500,243)
(500,539)
(500,705)
(500,223)
(500,553)
(500,319)
(500,939)
(500,262)
(500,346)
(500,226)
(500,887)
(500,3)
(500,599)
(500,848)
(500,341)
(500,323)
(500,645)
(500,666)
(500,987)
(500,461)
(500,502)
(500,625)
(500,584)
(500,572)
(500,701)
(500,71)
(500,936)
(500,122)
(500,190)
(500,240)
(500,558)
(500,833)
(500,606)
(500,443)
(500,615)
(500,460)
(500,921)
(500,284)
(500,368)
(500,80)
(500,613)
(500,511)
(500,654)
(500,107)
(500,492)
(500,790)
(500,841)
(500,829)
(500,127)
(500,194)
(500,634)
(500,404)
(500,684)
(500,74)
(141,910)
(141,581)
(141,222)
(141,123)
(141,57)
(141,202)
(141,532)
(141,667)
(141,722)
(141,79)
(141,925)
(141,464)
(141,124)
(141,234)
(141,243)
(141,539)
(141,705)
(141,223)
(141,553)
(141,319)
(141,939)
(141,262)
(141,346)
(141,226)
(141,887)
(141,3)
(141,599)
(141,848)
(141,341)
(141,323)
(141,645)
(141,666)
(141,987)
(141,461)
(141,502)
(141,625)
(141,584)
(141,572)
(141,701)
(141,71)
(141,936)
(141,122)
(141,190)
(141,240)
(141,558)
(141,833)
(141,606)
(141,443)
(141,615)
(141,460)
(141,921)
(141,284)
(141,368)
(141,80)
(141,613)
(141,511)
(141,654)
(141,107)
(141,492)
(141,790)
(141,841)
(141,829)
(141,127)
(141,194)
(141,634)
(141,404)
(141,684)
(141,74)
(910,581)
(910,222)
(910,123)
(910,57)
(910,202)
(910,532)
(910,667)
(910,722)
(910,79)
(910,925)
(910,464)
(910,124)
(910,234)
(910,243)
(910,539)
(910,705)
(910,223)
(910,553)
(910,319)
(910,939)
(910,262)
(910,346)
(910,226)
(910,887)
(910,3)
(910,599)
(910,848)
(910,341)
(910,323)
(910,645)
(910,666)
(910,987)
(910,461)
(910,502)
(910,625)
(910,584)
(910,572)
(910,701)
(910,71)
(910,936)
(910,122)
(910,190)
(910,240)
(910,558)
(910,833)
(910,606)
(910,443)
(910,615)
(910,460)
(910,921)
(910,284)
(910,368)
(910,80)
(910,613)
(910,511)
(910,654)
(910,107)
(910,492)
(910,790)
(910,841)
(910,829)
(910,127)
(910,194)
(910,634)
(910,404)
(910,684)
(910,74)
(581,222)
(581,123)
(581,57)
(581,202)
(581,532)
(581,667)
(581,722)
(581,79)
(581,925)
(581,464)
(581,124)
(581,234)
(581,243)
(581,539)
(581,705)
(581,223)
(581,553)
(581,319)
(581,939)
(581,262)
(581,346)
(581,226)
(581,887)
(581,3)
(581,599)
(581,848)
(581,341)
(581,323)
(581,645)
(581,666)
(581,987)
(581,461)
(581,502)
(581,625)
(581,584)
(581,572)
(581,701)
(581,71)
(581,936)
(581,122)
(581,190)
(581,240)
(581,558)
(581,833)
(581,606)
(581,443)
(581,615)
(581,460)
(581,921)
(581,284)
(581,368)
(581,80)
(581,613)
(581,511)
(581,654)
(581,107)
(581,492)
(581,790)
(581,841)
(581,829)
(581,127)
(581,194)
(581,634)
(581,404)
(581,684)
(581,74)
(222,123)
(222,57)
(222,202)
(222,532)
(222,667)
(222,722)
(222,79)
(222,925)
(222,464)
(222,124)
(222,234)
(222,243)
(222,539)
(222,705)
(222,223)
(222,553)
(222,319)
(222,939)
(222,262)
(222,346)
(222,226)
(222,887)
(222,3)
(222,599)
(222,848)
(222,341)
(222,323)
(222,645)
(222,666)
(222,987)
(222,461)
(222,502)
(222,625)
(222,584)
(222,572)
(222,701)
(222,71)
(222,936)
(222,122)
(222,190)
(222,240)
(222,558)
(222,833)
(222,606)
(222,443)
(222,615)
(222,460)
(222,921)
(222,284)
(222,368)
(222,80)
(222,613)
(222,511)
(222,654)
(222,107)
(222,492)
(222,790)
(222,841)
(222,829)
(222,127)
(222,194)
(222,634)
(222,404)
(222,684)
(222,74)
(123,57)
(123,202)
(123,532)
(123,667)
(123,722)
(123,79)
(123,925)
(123,464)
(123,124)
(123,234)
(123,243)
(123,539)
(123,705)
(123,223)
(123,553)
(123,319)
(123,939)
(123,262)
(123,346)
(123,226)
(123,887)
(123,3)
(123,599)
(123,848)
(123,341)
(123,323)
(123,645)
(123,666)
(123,987)
(123,461)
(123,502)
(123,625)
(123,584)
(123,572)
(123,701)
(123,71)
(123,936)
(123,122)
(123,190)
(123,240)
(123,558)
(123,833)
(123,606)
(123,443)
(123,615)
(123,460)
(123,921)
(123,284)
(123,368)
(123,80)
(123,613)
(123,511)
(123,654)
(123,107)
(123,492)
(123,790)
(123,841)
(123,829)
(123,127)
(123,194)
(123,634)
(123,404)
(123,684)
(123,74)
(57,202)
(57,532)
(57,667)
(57,722)
(57,79)
(57,925)
(57,464)
(57,124)
(57,234)
(57,243)
(57,539)
(57,705)
(57,223)
(57,553)
(57,319)
